01010000
00000000
10100000
00000000
01010000
00000100
10100000
00000000
01010000
00001000
10100000
00000000
01010000
00001100
10100000
00000000
01010000
00010000
10100000
00000000
01010000
00010100
10100000
00000000
01010000
00011000
10100000
00000000
01010000
00011100
10100000
00000000
01010000
00100000
10100000
00000000
01010000
00100100
10100000
00000000
01010000
00101011
10100000
00000000
01010000
00101111
10100000
00000000
01010000
00110011
10100000
00000000
01010000
00110111
10100000
00000000
01010000
00111000
10100000
00000000
01010000
00111100
10100000
00000000
01010000
01000000
10100000
00000000
01010000
01000111
10100000
00000000
01010000
01001011
10100000
00000000
01010000
01001100
10100000
00000000
01010000
01010000
10100000
00000000
01010000
01010111
10100000
00000000
01010000
01011011
10100000
00000000
01010000
01011100
10100000
00000000
01010000
01100000
10100000
00000000
01010000
01100100
10100000
00000000
01010000
01101011
10100000
00000000
01010000
01101111
10100000
00000000
01010000
01110011
10100000
00000000
01010000
01110111
10100000
00000000
01010000
01111011
10100000
00000000
01010000
01111100
10100000
00000000
01010000
10000000
10100000
00000000
01010000
10000100
10100000
00000000
01010000
10001000
10100000
00000000
01010000
10001100
10100000
00000000
01010000
10010000
10100000
00000000
01010000
10010111
10100000
00000000
01010000
10011011
10100000
00000000
01010000
10011100
10100000
00000000
01010000
10100000
10100000
00000000
01010000
10100100
10100000
00000000
01010000
10101000
10100000
00000000
01010000
10101100
10100000
00000000
01010000
10110011
10100000
00000000
01010000
10110111
10100000
00000000
01010000
10111000
10100000
00000000
01010000
10111100
10100000
00000000
01010000
11000000
10100000
00000000
01010000
11000100
10100000
00000000
01010000
11001011
10100000
00000000
01010000
11001111
10100000
00000000
01010000
11010011
10100000
00000000
01010000
11010100
10100000
00000000
01010000
11011000
10100000
00000000
01010000
11011100
10100000
00000000
01010000
11100000
10100000
00000000
01010000
11100100
10100000
00000000
01010000
11101000
10100000
00000000
01010000
11101100
10100000
00000000
01010000
11110000
10100000
00000000
01010000
11110100
10100000
00000000
01010000
11111000
10100000
00000000
01010000
11111100
10100000
00000000
10110000
11111111
10110000
00000000
